#width  height  frame_rate  pixel_clock hfront  hsync   hback   vfront  vsync   vback
#HDMI 1.4b
4096    2160    24          297         1020    88      296     8       10      72
3840    2160    24          297         1276    88      296     8       10      72
1920    1080    24          74.25       638     44      148     4       5       36
#VESA
1680    1050    60          119         48      32      80      0       0       0
1600    1200    60          162         64      192     304     0       0       0
1600    900     60          108         24      80      96      0       0       0
1440    900     60          88.75       48      32      80      0       0       0
1360    768     60          85.5        64      112     256     0       0       0
1280    1024    60          108         48      112     248     0       0       0
1280    960     60          108         96      112     312     0       0       0
1280    800     60          71          48      32      80      0       0       0
1280    720     60          74.25       110     40      220     0       0       0
1152    864     75          108         64      128     256     0       0       0
1024    768     60          65          24      136     160     0       0       0
#CVT 2.0 RB     https://tomverbeure.github.io/video_timings_calculator
2560    1440    24          95          48      32      80      3       5       9

#vback(v unit lines)
#pixel_clock(Mhz)
